image_width: 640
image_height: 480
camera_name: camera
camera_matrix:
  rows: 3
  cols: 3
  data: [596.632909, 0.000000, 327.759760, 0.000000, 590.667323, 246.044183, 0.000000, 0.000000, 1.000000]
distortion_model: plumb_bob
distortion_coefficients:
  rows: 1
  cols: 5
  data: [-0.400304, 0.182044, 0.002103, -0.001361, 0.000000]
rectification_matrix:
  rows: 3
  cols: 3
  data: [1.000000, 0.000000, 0.000000, 0.000000, 1.000000, 0.000000, 0.000000, 0.000000, 1.000000]
projection_matrix:
  rows: 3
  cols: 4
  data: [522.237610, 0.000000, 328.841633, 0.000000, 0.000000, 549.216187, 247.815268, 0.000000, 0.000000, 0.000000, 1.000000, 0.000000]
